# Area, power, and other constants from AccelTran synthesis

bits:
  IL: 4
  FL: 16

sparsity:
  activation: 0.5
  weight: 0.5

overlap_factor: 0.8

clock_frequency: 400 # in MHz

lane:
  mac_per_lane_1:
    relu:
      area: 597.964253 # in um^2
      dynamic: 0.2756146 # in mW
      leakage: 0.0223711 # in mW
    silu:
      area: 1209.955838
      dynamic: 0.6705926
      leakage: 0.0419121
  mac_per_lane_16:
    relu:
      area: 8819.484999
      dynamic: 4.8926
      leakage: 0.3003
    silu:
      area: 9418.667591
      dynamic: 5.1955
      leakage: 0.3189685

dataflow:
  area: 75946.982008
  dynamic: 11.3711
  leakage: 2.7312

dma:
  area: 144.636242
  dynamic: 0.0335287
  leakage: 0.0063819

fifo:
  area: 484.379110
  dynamic: 0.0563909
  leakage: 0.0140774

layer_norm:
  area: null
  dynamic: null
  leakage: null

softmax:
  area: null
  dynamic: null
  leakage: null

pre_sparsity:
  area: 6216.896914
  dynamic: 0.2852968
  leakage: 0.1507329

post_sparsity:
  area: 1181.201447
  dynamic: 0.2613971
  leakage: 0.0324301

# Buffer parameters
weight_buffer:
  area: 294100.83 # um^2 per MB
  energy: 0.0856588 # (0.42123 + 0.418051) / 2 * math.sqrt(<weight_buffer_size in MB> / 24) in nJ
  leakage: 210.40467 # mW per MB

activation_buffer:
  area: 0.3033058333
  energy: 0.079275099 # (0.275546 + 0.273688) / 2 * math.sqrt(<activation_buffer_size in MB> / 12) in nJ
  leakage: 247.918667

mask_buffer:
  area: 0.302565
  energy: 0.08200675 # (0.164271 + 0.163756) / 2 * math.sqrt(<mask_buffer_size in MB> / 4) in nJ
  leakage: 238.196

# Main memory parameters
main_memory:
  data_size: 64
  cube_size: 4 # data_size ^ (1/3)
  matrix_size: 8 # data_size ^ (1/2)
  ddr_bandwidth: 40000 # in bits/cycle
  bandwidth: 479.35 # ddr_bandwidth * 1024 * 1024 * 8 * 1000 / clock_frequency * 1e-9
  energy:
    rram_16_2_2: 17.321165 # access energy in nJ
    rram_8_2_4: 32.655499
    rram_4_2_8: 69.3328008
    rram_2_2_16: 149.0564671
    rram_32_2_1: 8.63281599
    rram_1_2_32: 340.9690911
    dram_16_2_2: 69.00706337
    dram_8_2_4: 200.2819855
    dram_32_2_1: 53.43777522
    dram_16_4_1: 38.28777884
    hbm_32_1_4: 26.5569841
